 
:: initializing oneAPI environment ...
   slurm_script: BASH_VERSION = 4.2.46(1)-release
   args: Using "$@" for setvars.sh arguments: --force
:: advisor -- latest
:: ccl -- latest
:: clck -- latest
:: compiler -- latest
:: dal -- latest
:: debugger -- latest
:: dev-utilities -- latest
:: dnnl -- latest
:: dpcpp-ct -- latest
:: dpl -- latest
:: inspector -- latest
:: intelpython -- latest
:: ipp -- latest
:: ippcp -- latest
:: ipp -- latest
:: itac -- latest
:: mkl -- latest
:: mpi -- latest
:: tbb -- latest
:: vpl -- latest
:: vtune -- latest
:: oneAPI environment initialized ::
 


####################
m        = n2
basis    = sto-3g
dir_path = ./data/
h5_path  = ./data/n2-sto-3g.h5
is_scf   = False
        #0        #1        #2        #3        #4       
0       1.00000  -0.92161  -0.92161  -0.98986   0.82945
1      -0.92161   1.00000   0.86332   0.91494  -0.90936
2      -0.92161   0.86332   1.00000   0.91494  -0.90940
3      -0.98986   0.91494   0.91494   1.00000  -0.80869
4       0.82945  -0.90936  -0.90940  -0.80869   1.00000
5      -0.70322   0.66287   0.90813   0.68481  -0.85789
6      -0.92161   0.85608   0.99150   0.91494  -0.90936
7      -0.62889   0.70256   0.82631   0.61396  -0.92000
8       0.83981  -0.92000  -0.91997  -0.83600   0.98942
9      -0.70816   0.66917   0.91551   0.70396  -0.84897
10     -0.70322   0.90813   0.66287   0.68481  -0.85789
11      0.82945  -0.90940  -0.90936  -0.80869   0.99997
12     -0.92161   0.99150   0.85608   0.91494  -0.90940
13     -0.62889   0.82631   0.70256   0.61396  -0.91997
14     -0.70816   0.91551   0.66917   0.70396  -0.84897
15      0.83981  -0.91997  -0.92000  -0.83600   0.98944
16     -0.46358   0.61396   0.61396   0.44394  -0.83600
17     -0.62889   0.81931   0.69669   0.61396  -0.92000
18     -0.62889   0.69669   0.81931   0.61396  -0.91997
19     -0.47422   0.62889   0.62889   0.46358  -0.83981
        #5        #6        #7        #8        #9       
0      -0.70322  -0.92161  -0.62889   0.83981  -0.70816
1       0.66287   0.85608   0.70256  -0.92000   0.66917
2       0.90813   0.99150   0.82631  -0.91997   0.91551
3       0.68481   0.91494   0.61396  -0.83600   0.70396
4      -0.85789  -0.90936  -0.92000   0.98942  -0.84897
5       1.00000   0.90813   0.91551  -0.84897   0.98979
6       0.90813   1.00000   0.81931  -0.92000   0.91551
7       0.91551   0.81931   1.00000  -0.90936   0.90813
8      -0.84897  -0.92000  -0.90936   1.00000  -0.85789
9       0.98979   0.91551   0.90813  -0.85789   1.00000
10      0.52809   0.66287   0.66917  -0.84897   0.52264
11     -0.85789  -0.90940  -0.91997   0.98944  -0.84897
12      0.66287   0.86332   0.69669  -0.91997   0.66917
13      0.66917   0.69669   0.86332  -0.90940   0.66287
14      0.52264   0.66917   0.66287  -0.85789   0.52809
15     -0.84897  -0.91997  -0.90940   0.99997  -0.85789
16      0.70396   0.61396   0.91494  -0.80869   0.68481
17      0.66917   0.70256   0.85608  -0.90936   0.66287
18      0.91551   0.82631   0.99150  -0.90940   0.90813
19      0.70816   0.62889   0.92161  -0.82945   0.70322
        #10       #11       #12       #13       #14      
0      -0.70322   0.82945  -0.92161  -0.62889  -0.70816
1       0.90813  -0.90940   0.99150   0.82631   0.91551
2       0.66287  -0.90936   0.85608   0.70256   0.66917
3       0.68481  -0.80869   0.91494   0.61396   0.70396
4      -0.85789   0.99997  -0.90940  -0.91997  -0.84897
5       0.52809  -0.85789   0.66287   0.66917   0.52264
6       0.66287  -0.90940   0.86332   0.69669   0.66917
7       0.66917  -0.91997   0.69669   0.86332   0.66287
8      -0.84897   0.98944  -0.91997  -0.90940  -0.85789
9       0.52264  -0.84897   0.66917   0.66287   0.52809
10      1.00000  -0.85789   0.90813   0.91551   0.98979
11     -0.85789   1.00000  -0.90936  -0.92000  -0.84897
12      0.90813  -0.90936   1.00000   0.81931   0.91551
13      0.91551  -0.92000   0.81931   1.00000   0.90813
14      0.98979  -0.84897   0.91551   0.90813   1.00000
15     -0.84897   0.98942  -0.92000  -0.90936  -0.85789
16      0.70396  -0.83600   0.61396   0.91494   0.68481
17      0.91551  -0.91997   0.82631   0.99150   0.90813
18      0.66917  -0.92000   0.70256   0.85608   0.66287
19      0.70816  -0.83981   0.62889   0.92161   0.70322
        #15       #16       #17       #18       #19      
0       0.83981  -0.46358  -0.62889  -0.62889  -0.47422
1      -0.91997   0.61396   0.81931   0.69669   0.62889
2      -0.92000   0.61396   0.69669   0.81931   0.62889
3      -0.83600   0.44394   0.61396   0.61396   0.46358
4       0.98944  -0.83600  -0.92000  -0.91997  -0.83981
5      -0.84897   0.70396   0.66917   0.91551   0.70816
6      -0.91997   0.61396   0.70256   0.82631   0.62889
7      -0.90940   0.91494   0.85608   0.99150   0.92161
8       0.99997  -0.80869  -0.90936  -0.90940  -0.82945
9      -0.85789   0.68481   0.66287   0.90813   0.70322
10     -0.84897   0.70396   0.91551   0.66917   0.70816
11      0.98942  -0.83600  -0.91997  -0.92000  -0.83981
12     -0.92000   0.61396   0.82631   0.70256   0.62889
13     -0.90936   0.91494   0.99150   0.85608   0.92161
14     -0.85789   0.68481   0.90813   0.66287   0.70322
15      1.00000  -0.80869  -0.90940  -0.90936  -0.82945
16     -0.80869   1.00000   0.91494   0.91494   0.98986
17     -0.90940   0.91494   1.00000   0.86332   0.92161
18     -0.90936   0.91494   0.86332   1.00000   0.92161
19     -0.82945   0.98986   0.92161   0.92161   1.00000
        #0        #1        #2        #3        #4       
0     -138.92076 128.12508 128.12508 137.52645 -115.39582
1     128.12508 -138.99980 -120.08974 -127.19615 126.50248
2     128.12508 -120.08974 -138.99980 -127.19615 126.50771
3     137.52645 -127.19615 -127.19615 -138.90704 112.52876
4     -115.39582 126.50248 126.50771 112.52876 -139.08199
5      97.86036 -92.30627 -126.25611 -95.31698 119.33624
6     128.12508 -119.09896 -137.83730 -127.19615 126.50248
7      87.58807 -97.82530 -114.95842 -85.51640 127.97614
8     -116.84314 127.97614 127.97087 116.29775 -137.63201
9      98.55463 -93.17884 -127.27766 -97.95776 118.11527
10     97.86036 -126.25611 -92.30627 -95.31698 119.33624
11    -115.39582 126.50771 126.50248 112.52876 -139.07792
12    128.12508 -137.83730 -119.09896 -127.19615 126.50771
13     87.58807 -114.95842 -97.82530 -85.51640 127.97087
14     98.55463 -127.27766 -93.17884 -97.95776 118.11527
15    -116.84314 127.97087 127.97614 116.29775 -137.63604
16     64.63495 -85.51640 -85.51640 -61.91362 116.29775
17     87.58807 -114.00000 -97.02127 -85.51640 127.97614
18     87.58807 -97.02127 -114.00000 -85.51640 127.97087
19     66.11995 -87.58807 -87.58807 -64.63495 116.84314
        #5        #6        #7        #8        #9       
0      97.86036 128.12508  87.58807 -116.84314  98.55463
1     -92.30627 -119.09896 -97.82530 127.97614 -93.17884
2     -126.25611 -137.83730 -114.95842 127.97087 -127.27766
3     -95.31698 -127.19615 -85.51640 116.29775 -97.95776
4     119.33624 126.50248 127.97614 -137.63201 118.11527
5     -138.91580 -126.25611 -127.27766 118.11527 -137.51897
6     -126.25611 -138.99980 -114.00000 127.97614 -127.27766
7     -127.27766 -114.00000 -138.99980 126.50248 -126.25611
8     118.11527 127.97614 126.50248 -139.08199 119.33624
9     -137.51897 -127.27766 -126.25611 119.33624 -138.91580
10    -73.59898 -92.30627 -93.17884 118.11527 -72.85018
11    119.33624 126.50771 127.97087 -137.63604 118.11527
12    -92.30627 -120.08974 -97.02127 127.97087 -93.17884
13    -93.17884 -97.02127 -120.08974 126.50771 -92.30627
14    -72.85018 -93.17884 -92.30627 119.33624 -73.59898
15    118.11527 127.97087 126.50771 -139.07792 119.33624
16    -97.95776 -85.51640 -127.19615 112.52876 -95.31698
17    -93.17884 -97.82530 -119.09896 126.50248 -92.30627
18    -127.27766 -114.95842 -137.83730 126.50771 -126.25611
19    -98.55463 -87.58807 -128.12508 115.39582 -97.86036
        #10       #11       #12       #13       #14      
0      97.86036 -115.39582 128.12508  87.58807  98.55463
1     -126.25611 126.50771 -137.83730 -114.95842 -127.27766
2     -92.30627 126.50248 -119.09896 -97.82530 -93.17884
3     -95.31698 112.52876 -127.19615 -85.51640 -97.95776
4     119.33624 -139.07792 126.50771 127.97087 118.11527
5     -73.59898 119.33624 -92.30627 -93.17884 -72.85018
6     -92.30627 126.50771 -120.08974 -97.02127 -93.17884
7     -93.17884 127.97087 -97.02127 -120.08974 -92.30627
8     118.11527 -137.63604 127.97087 126.50771 119.33624
9     -72.85018 118.11527 -93.17884 -92.30627 -73.59898
10    -138.91580 119.33624 -126.25611 -127.27766 -137.51897
11    119.33624 -139.08199 126.50248 127.97614 118.11527
12    -126.25611 126.50248 -138.99980 -114.00000 -127.27766
13    -127.27766 127.97614 -114.00000 -138.99980 -126.25611
14    -137.51897 118.11527 -127.27766 -126.25611 -138.91580
15    118.11527 -137.63201 127.97614 126.50248 119.33624
16    -97.95776 116.29775 -85.51640 -127.19615 -95.31698
17    -127.27766 127.97087 -114.95842 -137.83730 -126.25611
18    -93.17884 127.97614 -97.82530 -119.09896 -92.30627
19    -98.55463 116.84314 -87.58807 -128.12508 -97.86036
        #15       #16       #17       #18       #19      
0     -116.84314  64.63495  87.58807  87.58807  66.11995
1     127.97087 -85.51640 -114.00000 -97.02127 -87.58807
2     127.97614 -85.51640 -97.02127 -114.00000 -87.58807
3     116.29775 -61.91362 -85.51640 -85.51640 -64.63495
4     -137.63604 116.29775 127.97614 127.97087 116.84314
5     118.11527 -97.95776 -93.17884 -127.27766 -98.55463
6     127.97087 -85.51640 -97.82530 -114.95842 -87.58807
7     126.50771 -127.19615 -119.09896 -137.83730 -128.12508
8     -139.07792 112.52876 126.50248 126.50771 115.39582
9     119.33624 -95.31698 -92.30627 -126.25611 -97.86036
10    118.11527 -97.95776 -127.27766 -93.17884 -98.55463
11    -137.63201 116.29775 127.97087 127.97614 116.84314
12    127.97614 -85.51640 -114.95842 -97.82530 -87.58807
13    126.50248 -127.19615 -137.83730 -119.09896 -128.12508
14    119.33624 -95.31698 -126.25611 -92.30627 -97.86036
15    -139.08199 112.52876 126.50771 126.50248 115.39582
16    112.52876 -138.90704 -127.19615 -127.19615 -137.52645
17    126.50771 -127.19615 -138.99980 -120.08974 -128.12508
18    126.50248 -127.19615 -120.08974 -138.99980 -128.12508
19    115.39582 -137.52645 -128.12508 -128.12508 -138.92076
ene_noci =  [-139.12502524 -138.48320875 -138.42140463 -138.33717607 -137.77184429
 -137.41754116 -137.40865977 -136.92511965 -136.82635353 -136.73798922
 -136.69690898 -136.3119955  -136.24386653 -136.22356118 -136.20933027
 -136.13602791 -135.75842971 -135.62336185 -135.49904362 -135.26469674]
        #0        #1        #2        #3        #4       
0       1.06790  -1.03243  -1.03243  -1.06866   0.97954
1      -1.03243   1.05067   1.00853   1.03168  -1.00957
2      -1.03243   1.00853   1.05067   1.03168  -1.00957
3      -1.06866   1.03168   1.03168   1.07229  -0.97490
4       0.97954  -1.00957  -1.00957  -0.97490   1.02820
5      -0.95919   0.94355   1.03280   0.95446  -1.00544
6      -1.03243   1.00783   1.04984   1.03168  -1.00957
7      -0.90387   0.94229   0.98428   0.89783  -1.01354
8       0.98624  -1.01354  -1.01353  -0.98389   1.02704
9      -0.96322   0.94623   1.03550   0.96107  -1.00424
10     -0.95919   1.03280   0.94355   0.95446  -1.00544
11      0.97954  -1.00957  -1.00957  -0.97490   1.02819
12     -1.03243   1.04984   1.00783   1.03168  -1.00957
13     -0.90387   0.98428   0.94229   0.89783  -1.01353
14     -0.96322   1.03550   0.94623   0.96107  -1.00424
15      0.98624  -1.01353  -1.01354  -0.98389   1.02704
16     -0.80931   0.89783   0.89783   0.79949  -0.98389
17     -0.90387   0.98354   0.94160   0.89783  -1.01354
18     -0.90387   0.94160   0.98354   0.89783  -1.01353
19     -0.81643   0.90387   0.90387   0.80931  -0.98624
        #5        #6        #7        #8        #9       
0      -0.95919  -1.03243  -0.90387   0.98624  -0.96322
1       0.94355   1.00783   0.94229  -1.01354   0.94623
2       1.03280   1.04984   0.98428  -1.01353   1.03550
3       0.95446   1.03168   0.89783  -0.98389   0.96107
4      -1.00544  -1.00957  -1.01354   1.02704  -1.00424
5       1.07985   1.03280   1.03550  -1.00424   1.07832
6       1.03280   1.05067   0.98354  -1.01354   1.03550
7       1.03550   0.98354   1.05067  -1.00957   1.03280
8      -1.00424  -1.01354  -1.00957   1.02820  -1.00544
9       1.07832   1.03550   1.03280  -1.00544   1.07985
10      0.88907   0.94355   0.94623  -1.00424   0.88765
11     -1.00544  -1.00957  -1.01353   1.02704  -1.00424
12      0.94355   1.00853   0.94160  -1.01353   0.94623
13      0.94623   0.94160   1.00853  -1.00957   0.94355
14      0.88765   0.94623   0.94355  -1.00544   0.88907
15     -1.00424  -1.01353  -1.00957   1.02819  -1.00544
16      0.96107   0.89783   1.03168  -0.97490   0.95446
17      0.94623   0.94229   1.00783  -1.00957   0.94355
18      1.03550   0.98428   1.04984  -1.00957   1.03280
19      0.96322   0.90387   1.03243  -0.97954   0.95919
        #10       #11       #12       #13       #14      
0      -0.95919   0.97954  -1.03243  -0.90387  -0.96322
1       1.03280  -1.00957   1.04984   0.98428   1.03550
2       0.94355  -1.00957   1.00783   0.94229   0.94623
3       0.95446  -0.97490   1.03168   0.89783   0.96107
4      -1.00544   1.02819  -1.00957  -1.01353  -1.00424
5       0.88907  -1.00544   0.94355   0.94623   0.88765
6       0.94355  -1.00957   1.00853   0.94160   0.94623
7       0.94623  -1.01353   0.94160   1.00853   0.94355
8      -1.00424   1.02704  -1.01353  -1.00957  -1.00544
9       0.88765  -1.00424   0.94623   0.94355   0.88907
10      1.07985  -1.00544   1.03280   1.03550   1.07832
11     -1.00544   1.02820  -1.00957  -1.01354  -1.00424
12      1.03280  -1.00957   1.05067   0.98354   1.03550
13      1.03550  -1.01354   0.98354   1.05067   1.03280
14      1.07832  -1.00424   1.03550   1.03280   1.07985
15     -1.00424   1.02704  -1.01354  -1.00957  -1.00544
16      0.96107  -0.98389   0.89783   1.03168   0.95446
17      1.03550  -1.01353   0.98428   1.04984   1.03280
18      0.94623  -1.01354   0.94229   1.00783   0.94355
19      0.96322  -0.98624   0.90387   1.03243   0.95919
        #15       #16       #17       #18       #19      
0       0.98624  -0.80931  -0.90387  -0.90387  -0.81643
1      -1.01353   0.89783   0.98354   0.94160   0.90387
2      -1.01354   0.89783   0.94160   0.98354   0.90387
3      -0.98389   0.79949   0.89783   0.89783   0.80931
4       1.02704  -0.98389  -1.01354  -1.01353  -0.98624
5      -1.00424   0.96107   0.94623   1.03550   0.96322
6      -1.01353   0.89783   0.94229   0.98428   0.90387
7      -1.00957   1.03168   1.00783   1.04984   1.03243
8       1.02819  -0.97490  -1.00957  -1.00957  -0.97954
9      -1.00544   0.95446   0.94355   1.03280   0.95919
10     -1.00424   0.96107   1.03550   0.94623   0.96322
11      1.02704  -0.98389  -1.01353  -1.01354  -0.98624
12     -1.01354   0.89783   0.98428   0.94229   0.90387
13     -1.00957   1.03168   1.04984   1.00783   1.03243
14     -1.00544   0.95446   1.03280   0.94355   0.95919
15      1.02820  -0.97490  -1.00957  -1.00957  -0.97954
16     -0.97490   1.07229   1.03168   1.03168   1.06866
17     -1.00957   1.03168   1.05067   1.00853   1.03243
18     -1.00957   1.03168   1.00853   1.05067   1.03243
19     -0.97954   1.06866   1.03243   1.03243   1.06790
        #0        #1        #2        #3        #4       
0     -148.53613 143.64338 143.64338 148.64045 -136.32891
1     143.64338 -146.18586 -140.35271 -143.53794 140.50670
2     143.64338 -140.35271 -146.18586 -143.53794 140.50793
3     148.64045 -143.53794 -143.53794 -149.13865 135.68539
4     -136.32891 140.50670 140.50793 135.68539 -143.09699
5     133.49402 -131.34953 -143.70629 -132.83801 139.92919
6     143.64338 -140.25681 -146.07292 -143.53794 140.50670
7     125.83805 -131.17771 -136.99206 -124.99859 141.05669
8     -137.25770 141.05669 141.05542 136.92933 -142.93761
9     134.05322 -131.72119 -144.07958 -133.75215 139.76542
10    133.49402 -143.70629 -131.34953 -132.83801 139.92919
11    -136.32891 140.50793 140.50670 135.68539 -143.09615
12    143.64338 -146.07292 -140.25681 -143.53794 140.50793
13    125.83805 -136.99206 -131.17771 -124.99859 141.05542
14    134.05322 -144.07958 -131.72119 -133.75215 139.76542
15    -137.25770 141.05542 141.05669 136.92933 -142.93844
16    112.71823 -124.99859 -124.99859 -111.35804 136.92933
17    125.83805 -136.89091 -131.08434 -124.99859 141.05669
18    125.83805 -131.08434 -136.89091 -124.99859 141.05542
19    113.70917 -125.83805 -125.83805 -112.71823 137.25770
        #5        #6        #7        #8        #9       
0     133.49402 143.64338 125.83805 -137.25770 134.05322
1     -131.34953 -140.25681 -131.17771 141.05669 -131.72119
2     -143.70629 -146.07292 -136.99206 141.05542 -144.07958
3     -132.83801 -143.53794 -124.99859 136.92933 -133.75215
4     139.92919 140.50670 141.05669 -142.93761 139.76542
5     -150.21186 -143.70629 -144.07958 139.76542 -150.00250
6     -143.70629 -146.18586 -136.89091 141.05669 -144.07958
7     -144.07958 -136.89091 -146.18586 140.50670 -143.70629
8     139.76542 141.05669 140.50670 -143.09699 139.92919
9     -150.00250 -144.07958 -143.70629 139.92919 -150.21186
10    -123.80092 -131.34953 -131.72119 139.76542 -123.60527
11    139.92919 140.50793 141.05542 -142.93844 139.76542
12    -131.34953 -140.35271 -131.08434 141.05542 -131.72119
13    -131.72119 -131.08434 -140.35271 140.50793 -131.34953
14    -123.60527 -131.72119 -131.34953 139.92919 -123.80092
15    139.76542 141.05542 140.50793 -143.09615 139.92919
16    -133.75215 -124.99859 -143.53794 135.68539 -132.83801
17    -131.72119 -131.17771 -140.25681 140.50670 -131.34953
18    -144.07958 -136.99206 -146.07292 140.50793 -143.70629
19    -134.05322 -125.83805 -143.64338 136.32891 -133.49402
        #10       #11       #12       #13       #14      
0     133.49402 -136.32891 143.64338 125.83805 134.05322
1     -143.70629 140.50793 -146.07292 -136.99206 -144.07958
2     -131.34953 140.50670 -140.25681 -131.17771 -131.72119
3     -132.83801 135.68539 -143.53794 -124.99859 -133.75215
4     139.92919 -143.09615 140.50793 141.05542 139.76542
5     -123.80092 139.92919 -131.34953 -131.72119 -123.60527
6     -131.34953 140.50793 -140.35271 -131.08434 -131.72119
7     -131.72119 141.05542 -131.08434 -140.35271 -131.34953
8     139.76542 -142.93844 141.05542 140.50793 139.92919
9     -123.60527 139.76542 -131.72119 -131.34953 -123.80092
10    -150.21186 139.92919 -143.70629 -144.07958 -150.00250
11    139.92919 -143.09699 140.50670 141.05669 139.76542
12    -143.70629 140.50670 -146.18586 -136.89091 -144.07958
13    -144.07958 141.05669 -136.89091 -146.18586 -143.70629
14    -150.00250 139.76542 -144.07958 -143.70629 -150.21186
15    139.76542 -142.93761 141.05669 140.50670 139.92919
16    -133.75215 136.92933 -124.99859 -143.53794 -132.83801
17    -144.07958 141.05542 -136.99206 -146.07292 -143.70629
18    -131.72119 141.05669 -131.17771 -140.25681 -131.34953
19    -134.05322 137.25770 -125.83805 -143.64338 -133.49402
        #15       #16       #17       #18       #19      
0     -137.25770 112.71823 125.83805 125.83805 113.70917
1     141.05542 -124.99859 -136.89091 -131.08434 -125.83805
2     141.05669 -124.99859 -131.08434 -136.89091 -125.83805
3     136.92933 -111.35804 -124.99859 -124.99859 -112.71823
4     -142.93844 136.92933 141.05669 141.05542 137.25770
5     139.76542 -133.75215 -131.72119 -144.07958 -134.05322
6     141.05542 -124.99859 -131.17771 -136.99206 -125.83805
7     140.50793 -143.53794 -140.25681 -146.07292 -143.64338
8     -143.09615 135.68539 140.50670 140.50793 136.32891
9     139.92919 -132.83801 -131.34953 -143.70629 -133.49402
10    139.76542 -133.75215 -144.07958 -131.72119 -134.05322
11    -142.93761 136.92933 141.05542 141.05669 137.25770
12    141.05669 -124.99859 -136.99206 -131.17771 -125.83805
13    140.50670 -143.53794 -146.07292 -140.25681 -143.64338
14    139.92919 -132.83801 -143.70629 -131.34953 -133.49402
15    -143.09699 135.68539 140.50793 140.50670 136.32891
16    135.68539 -149.13865 -143.53794 -143.53794 -148.64045
17    140.50793 -143.53794 -146.18586 -140.35271 -143.64338
18    140.50670 -143.53794 -140.35271 -146.18586 -143.64338
19    136.32891 -148.64045 -143.64338 -143.64338 -148.53613
ene_noci =  [-139.17401756 -138.50145896 -138.44136674 -138.364659   -137.71546867
 -136.97562313 -136.74652358 -136.43400405 -136.43209394 -136.42566012
 -136.00862341 -135.80145814 -135.57732399 -135.57695919 -135.54210649
 -135.37342146 -135.29122252 -135.05041951 -134.77978144 -134.7686522 ]
r = 0.8000, ene_fci =  -139.178412, ene_noci_uhf =  -139.125025, ene_noci_ump2_1 =  -139.174018
        #0        #1        #2        #3        #4       
0       1.00000   0.90303   0.90303   0.98487   0.79710
1       0.90303   1.00000   0.83585   0.89852   0.89172
2       0.90303   0.83585   1.00000   0.89852   0.89176
3       0.98487   0.89852   0.89852   1.00000   0.77682
4       0.79710   0.89172   0.89176   0.77682   1.00000
5      -0.64686  -0.60198  -0.88897  -0.62969  -0.82814
6       0.90303   0.82653   0.98868   0.89852   0.89172
7       0.56032   0.64584   0.79097   0.55087   0.89974
8       0.79879   0.89974   0.89971   0.80276   0.98459
9      -0.64503  -0.60620  -0.89408  -0.64744  -0.81547
10     -0.64686  -0.88897  -0.60198  -0.62969  -0.82814
11      0.79710   0.89176   0.89172   0.77682   0.99999
12      0.90303   0.98868   0.82653   0.89852   0.89176
13      0.56032   0.79097   0.64584   0.55087   0.89971
14     -0.64503  -0.89408  -0.60620  -0.64744  -0.81547
15      0.79879   0.89971   0.89974   0.80276   0.98460
16      0.38726   0.55087   0.55087   0.37249   0.80276
17      0.56032   0.78203   0.63867   0.55087   0.89974
18      0.56032   0.63867   0.78203   0.55087   0.89971
19      0.39049   0.56032   0.56032   0.38726   0.79879
        #5        #6        #7        #8        #9       
0      -0.64686   0.90303   0.56032   0.79879  -0.64503
1      -0.60198   0.82653   0.64584   0.89974  -0.60620
2      -0.88897   0.98868   0.79097   0.89971  -0.89408
3      -0.62969   0.89852   0.55087   0.80276  -0.64744
4      -0.82814   0.89172   0.89974   0.98459  -0.81547
5       1.00000  -0.88897  -0.89408  -0.81547   0.98479
6      -0.88897   1.00000   0.78203   0.89974  -0.89408
7      -0.89408   0.78203   1.00000   0.89172  -0.88897
8      -0.81547   0.89974   0.89172   1.00000  -0.82814
9       0.98479  -0.89408  -0.88897  -0.82814   1.00000
10      0.45225  -0.60198  -0.60620  -0.81547   0.44535
11     -0.82814   0.89176   0.89971   0.98460  -0.81547
12     -0.60198   0.83585   0.63867   0.89971  -0.60620
13     -0.60620   0.63867   0.83585   0.89176  -0.60198
14      0.44535  -0.60620  -0.60198  -0.82814   0.45225
15     -0.81547   0.89971   0.89176   0.99999  -0.82814
16     -0.64744   0.55087   0.89852   0.77682  -0.62969
17     -0.60620   0.64584   0.82653   0.89172  -0.60198
18     -0.89408   0.79097   0.98868   0.89176  -0.88897
19     -0.64503   0.56032   0.90303   0.79710  -0.64686
        #10       #11       #12       #13       #14      
0      -0.64686   0.79710   0.90303   0.56032  -0.64503
1      -0.88897   0.89176   0.98868   0.79097  -0.89408
2      -0.60198   0.89172   0.82653   0.64584  -0.60620
3      -0.62969   0.77682   0.89852   0.55087  -0.64744
4      -0.82814   0.99999   0.89176   0.89971  -0.81547
5       0.45225  -0.82814  -0.60198  -0.60620   0.44535
6      -0.60198   0.89176   0.83585   0.63867  -0.60620
7      -0.60620   0.89971   0.63867   0.83585  -0.60198
8      -0.81547   0.98460   0.89971   0.89176  -0.82814
9       0.44535  -0.81547  -0.60620  -0.60198   0.45225
10      1.00000  -0.82814  -0.88897  -0.89408   0.98479
11     -0.82814   1.00000   0.89172   0.89974  -0.81547
12     -0.88897   0.89172   1.00000   0.78203  -0.89408
13     -0.89408   0.89974   0.78203   1.00000  -0.88897
14      0.98479  -0.81547  -0.89408  -0.88897   1.00000
15     -0.81547   0.98459   0.89974   0.89172  -0.82814
16     -0.64744   0.80276   0.55087   0.89852  -0.62969
17     -0.89408   0.89971   0.79097   0.98868  -0.88897
18     -0.60620   0.89974   0.64584   0.82653  -0.60198
19     -0.64503   0.79879   0.56032   0.90303  -0.64686
        #15       #16       #17       #18       #19      
0       0.79879   0.38726   0.56032   0.56032   0.39049
1       0.89971   0.55087   0.78203   0.63867   0.56032
2       0.89974   0.55087   0.63867   0.78203   0.56032
3       0.80276   0.37249   0.55087   0.55087   0.38726
4       0.98460   0.80276   0.89974   0.89971   0.79879
5      -0.81547  -0.64744  -0.60620  -0.89408  -0.64503
6       0.89971   0.55087   0.64584   0.79097   0.56032
7       0.89176   0.89852   0.82653   0.98868   0.90303
8       0.99999   0.77682   0.89172   0.89176   0.79710
9      -0.82814  -0.62969  -0.60198  -0.88897  -0.64686
10     -0.81547  -0.64744  -0.89408  -0.60620  -0.64503
11      0.98459   0.80276   0.89971   0.89974   0.79879
12      0.89974   0.55087   0.79097   0.64584   0.56032
13      0.89172   0.89852   0.98868   0.82653   0.90303
14     -0.82814  -0.62969  -0.88897  -0.60198  -0.64686
15      1.00000   0.77682   0.89176   0.89172   0.79710
16      0.77682   1.00000   0.89852   0.89852   0.98487
17      0.89176   0.89852   1.00000   0.83585   0.90303
18      0.89172   0.89852   0.83585   1.00000   0.90303
19      0.79710   0.98487   0.90303   0.90303   1.00000
        #0        #1        #2        #3        #4       
0     -137.15274 -123.95280 -123.95280 -135.10210 -109.49350
1     -123.95280 -137.23432 -114.79973 -123.33304 -122.47978
2     -123.95280 -114.79973 -137.23432 -123.33304 -122.48420
3     -135.10210 -123.33304 -123.33304 -137.14450 -106.73162
4     -109.49350 -122.47978 -122.48420 -106.73162 -137.31581
5      88.88620  82.78055 122.02574  86.54836 113.74111
6     -123.95280 -113.53923 -135.70308 -123.33304 -122.47978
7     -77.06715 -88.80174 -108.65210 -75.77075 -123.57634
8     -109.74008 -123.57634 -123.57190 -110.26459 -135.22870
9      88.64881  83.35742 122.72454  88.96368 112.02459
10     88.88620 122.02574  82.78055  86.54836 113.74111
11    -109.49350 -122.48420 -122.47978 -106.73162 -137.31391
12    -123.95280 -135.70308 -113.53923 -123.33304 -122.48420
13    -77.06715 -108.65210 -88.80174 -75.77075 -123.57190
14     88.64881 122.72454  83.35742  88.96368 112.02459
15    -109.74008 -123.57190 -123.57634 -110.26459 -135.23057
16    -53.32736 -75.77075 -75.77075 -51.30884 -110.26459
17    -77.06715 -107.44209 -87.83003 -75.77075 -123.57634
18    -77.06715 -87.83003 -107.44209 -75.77075 -123.57190
19    -53.77879 -77.06715 -77.06715 -53.32736 -109.74008
        #5        #6        #7        #8        #9       
0      88.88620 -123.95280 -77.06715 -109.74008  88.64881
1      82.78055 -113.53923 -88.80174 -123.57634  83.35742
2     122.02574 -135.70308 -108.65210 -123.57190 122.72454
3      86.54836 -123.33304 -75.77075 -110.26459  88.96368
4     113.74111 -122.47978 -123.57634 -135.22870 112.02459
5     -137.14441 122.02574 122.72454 112.02459 -135.08756
6     122.02574 -137.23432 -107.44209 -123.57634 122.72454
7     122.72454 -107.44209 -137.23432 -122.47978 122.02574
8     112.02459 -123.57634 -122.47978 -137.31581 113.74111
9     -135.08756 122.72454 122.02574 113.74111 -137.14441
10    -62.24856  82.78055  83.35742 112.02459 -61.31101
11    113.74111 -122.48420 -123.57190 -135.23057 112.02459
12     82.78055 -114.79973 -87.83003 -123.57190  83.35742
13     83.35742 -87.83003 -114.79973 -122.48420  82.78055
14    -61.31101  83.35742  82.78055 113.74111 -62.24856
15    112.02459 -123.57190 -122.48420 -137.31391 113.74111
16     88.96368 -75.77075 -123.33304 -106.73162  86.54836
17     83.35742 -88.80174 -113.53923 -122.47978  82.78055
18    122.72454 -108.65210 -135.70308 -122.48420 122.02574
19     88.64881 -77.06715 -123.95280 -109.49350  88.88620
        #10       #11       #12       #13       #14      
0      88.88620 -109.49350 -123.95280 -77.06715  88.64881
1     122.02574 -122.48420 -135.70308 -108.65210 122.72454
2      82.78055 -122.47978 -113.53923 -88.80174  83.35742
3      86.54836 -106.73162 -123.33304 -75.77075  88.96368
4     113.74111 -137.31391 -122.48420 -123.57190 112.02459
5     -62.24856 113.74111  82.78055  83.35742 -61.31101
6      82.78055 -122.48420 -114.79973 -87.83003  83.35742
7      83.35742 -123.57190 -87.83003 -114.79973  82.78055
8     112.02459 -135.23057 -123.57190 -122.48420 113.74111
9     -61.31101 112.02459  83.35742  82.78055 -62.24856
10    -137.14441 113.74111 122.02574 122.72454 -135.08756
11    113.74111 -137.31581 -122.47978 -123.57634 112.02459
12    122.02574 -122.47978 -137.23432 -107.44209 122.72454
13    122.72454 -123.57634 -107.44209 -137.23432 122.02574
14    -135.08756 112.02459 122.72454 122.02574 -137.14441
15    112.02459 -135.22870 -123.57634 -122.47978 113.74111
16     88.96368 -110.26459 -75.77075 -123.33304  86.54836
17    122.72454 -123.57190 -108.65210 -135.70308 122.02574
18     83.35742 -123.57634 -88.80174 -113.53923  82.78055
19     88.64881 -109.74008 -77.06715 -123.95280  88.88620
        #15       #16       #17       #18       #19      
0     -109.74008 -53.32736 -77.06715 -77.06715 -53.77879
1     -123.57190 -75.77075 -107.44209 -87.83003 -77.06715
2     -123.57634 -75.77075 -87.83003 -107.44209 -77.06715
3     -110.26459 -51.30884 -75.77075 -75.77075 -53.32736
4     -135.23057 -110.26459 -123.57634 -123.57190 -109.74008
5     112.02459  88.96368  83.35742 122.72454  88.64881
6     -123.57190 -75.77075 -88.80174 -108.65210 -77.06715
7     -122.48420 -123.33304 -113.53923 -135.70308 -123.95280
8     -137.31391 -106.73162 -122.47978 -122.48420 -109.49350
9     113.74111  86.54836  82.78055 122.02574  88.88620
10    112.02459  88.96368 122.72454  83.35742  88.64881
11    -135.22870 -110.26459 -123.57190 -123.57634 -109.74008
12    -123.57634 -75.77075 -108.65210 -88.80174 -77.06715
13    -122.47978 -123.33304 -135.70308 -113.53923 -123.95280
14    113.74111  86.54836 122.02574  82.78055  88.88620
15    -137.31581 -106.73162 -122.48420 -122.47978 -109.49350
16    -106.73162 -137.14450 -123.33304 -123.33304 -135.10210
17    -122.48420 -123.33304 -137.23432 -114.79973 -123.95280
18    -122.47978 -123.33304 -114.79973 -137.23432 -123.95280
19    -109.49350 -135.10210 -123.95280 -123.95280 -137.15274
ene_noci =  [-137.36798721 -136.81170721 -136.74899115 -136.66192451 -136.18588316
 -135.82467309 -135.81636768 -135.44911449 -135.33260636 -135.23159527
 -135.19000862 -134.91942983 -134.85188897 -134.79939313 -134.7976366
 -134.72514971 -134.45622793 -134.31445597 -134.05987839 -133.94606111]
        #0        #1        #2        #3        #4       
0       1.06955   1.02490   1.02490   1.06885   0.96017
1       1.02490   1.05454   0.99678   1.02445   1.00453
2       1.02490   0.99678   1.05454   1.02445   1.00454
3       1.06885   1.02445   1.02445   1.07270   0.95599
4       0.96017   1.00453   1.00454   0.95599   1.03497
5      -0.92124  -0.90350  -1.02527  -0.91682  -0.99259
6       1.02490   0.99570   1.05330   1.02445   1.00453
7       0.85021   0.90576   0.96323   0.84621   1.00774
8       0.96455   1.00774   1.00773   0.96405   1.03314
9      -0.92275  -0.90536  -1.02715  -0.92259  -0.99065
10     -0.92124  -1.02527  -0.90350  -0.91682  -0.99259
11      0.96017   1.00454   1.00453   0.95599   1.03497
12      1.02490   1.05330   0.99570   1.02445   1.00454
13      0.85021   0.96323   0.90576   0.84621   1.00773
14     -0.92275  -1.02715  -0.90536  -0.92259  -0.99065
15      0.96455   1.00773   1.00774   0.96405   1.03314
16      0.72827   0.84621   0.84621   0.72062   0.96405
17      0.85021   0.96209   0.90468   0.84621   1.00774
18      0.85021   0.90468   0.96209   0.84621   1.00773
19      0.73160   0.85021   0.85021   0.72827   0.96455
        #5        #6        #7        #8        #9       
0      -0.92124   1.02490   0.85021   0.96455  -0.92275
1      -0.90350   0.99570   0.90576   1.00774  -0.90536
2      -1.02527   1.05330   0.96323   1.00773  -1.02715
3      -0.91682   1.02445   0.84621   0.96405  -0.92259
4      -0.99259   1.00453   1.00774   1.03314  -0.99065
5       1.08421  -1.02527  -1.02715  -0.99065   1.08173
6      -1.02527   1.05454   0.96209   1.00774  -1.02715
7      -1.02715   0.96209   1.05454   1.00453  -1.02527
8      -0.99065   1.00774   1.00453   1.03497  -0.99259
9       1.08173  -1.02715  -1.02527  -0.99259   1.08421
10      0.82512  -0.90350  -0.90536  -0.99065   0.82274
11     -0.99259   1.00454   1.00773   1.03314  -0.99065
12     -0.90350   0.99678   0.90468   1.00773  -0.90536
13     -0.90536   0.90468   0.99678   1.00454  -0.90350
14      0.82274  -0.90536  -0.90350  -0.99259   0.82512
15     -0.99065   1.00773   1.00454   1.03497  -0.99259
16     -0.92259   0.84621   1.02445   0.95599  -0.91682
17     -0.90536   0.90576   0.99570   1.00453  -0.90350
18     -1.02715   0.96323   1.05330   1.00454  -1.02527
19     -0.92275   0.85021   1.02490   0.96017  -0.92124
        #10       #11       #12       #13       #14      
0      -0.92124   0.96017   1.02490   0.85021  -0.92275
1      -1.02527   1.00454   1.05330   0.96323  -1.02715
2      -0.90350   1.00453   0.99570   0.90576  -0.90536
3      -0.91682   0.95599   1.02445   0.84621  -0.92259
4      -0.99259   1.03497   1.00454   1.00773  -0.99065
5       0.82512  -0.99259  -0.90350  -0.90536   0.82274
6      -0.90350   1.00454   0.99678   0.90468  -0.90536
7      -0.90536   1.00773   0.90468   0.99678  -0.90350
8      -0.99065   1.03314   1.00773   1.00454  -0.99259
9       0.82274  -0.99065  -0.90536  -0.90350   0.82512
10      1.08421  -0.99259  -1.02527  -1.02715   1.08173
11     -0.99259   1.03497   1.00453   1.00774  -0.99065
12     -1.02527   1.00453   1.05454   0.96209  -1.02715
13     -1.02715   1.00774   0.96209   1.05454  -1.02527
14      1.08173  -0.99065  -1.02715  -1.02527   1.08421
15     -0.99065   1.03314   1.00774   1.00453  -0.99259
16     -0.92259   0.96405   0.84621   1.02445  -0.91682
17     -1.02715   1.00773   0.96323   1.05330  -1.02527
18     -0.90536   1.00774   0.90576   0.99570  -0.90350
19     -0.92275   0.96455   0.85021   1.02490  -0.92124
        #15       #16       #17       #18       #19      
0       0.96455   0.72827   0.85021   0.85021   0.73160
1       1.00773   0.84621   0.96209   0.90468   0.85021
2       1.00774   0.84621   0.90468   0.96209   0.85021
3       0.96405   0.72062   0.84621   0.84621   0.72827
4       1.03314   0.96405   1.00774   1.00773   0.96455
5      -0.99065  -0.92259  -0.90536  -1.02715  -0.92275
6       1.00773   0.84621   0.90576   0.96323   0.85021
7       1.00454   1.02445   0.99570   1.05330   1.02490
8       1.03497   0.95599   1.00453   1.00454   0.96017
9      -0.99259  -0.91682  -0.90350  -1.02527  -0.92124
10     -0.99065  -0.92259  -1.02715  -0.90536  -0.92275
11      1.03314   0.96405   1.00773   1.00774   0.96455
12      1.00774   0.84621   0.96323   0.90576   0.85021
13      1.00453   1.02445   1.05330   0.99570   1.02490
14     -0.99259  -0.91682  -1.02527  -0.90350  -0.92124
15      1.03497   0.95599   1.00454   1.00453   0.96017
16      0.95599   1.07270   1.02445   1.02445   1.06885
17      1.00454   1.02445   1.05454   0.99678   1.02490
18      1.00453   1.02445   0.99678   1.05454   1.02490
19      0.96017   1.06885   1.02490   1.02490   1.06955
        #0        #1        #2        #3        #4       
0     -146.87257 -140.79186 -140.79186 -146.77896 -131.94963
1     -140.79186 -144.86888 -136.96926 -140.72903 -138.04491
2     -140.79186 -136.96926 -144.86888 -140.72903 -138.04607
3     -146.77896 -140.72903 -140.72903 -147.30131 -131.37864
4     -131.94963 -138.04491 -138.04607 -131.37864 -142.22420
5     126.59832 124.19789 140.85395 125.99446 136.40126
6     -140.79186 -136.82314 -144.70034 -140.72903 -138.04491
7     -116.88829 -124.51438 -132.37476 -116.33860 -138.48423
8     -132.55040 -138.48423 -138.48303 -132.47898 -141.97617
9     126.80706 124.45263 141.11033 126.78132 136.13830
10    126.59832 140.85395 124.19789 125.99446 136.40126
11    -131.94963 -138.04607 -138.04491 -131.37864 -142.22375
12    -140.79186 -144.70034 -136.82314 -140.72903 -138.04607
13    -116.88829 -132.37476 -124.51438 -116.33860 -138.48303
14    126.80706 141.11033 124.45263 126.78132 136.13830
15    -132.55040 -138.48303 -138.48423 -132.47898 -141.97661
16    -100.17356 -116.33860 -116.33860 -99.12831 -132.47898
17    -116.88829 -132.22076 -124.36824 -116.33860 -138.48423
18    -116.88829 -124.36824 -132.22076 -116.33860 -138.48303
19    -100.63342 -116.88829 -116.88829 -100.17356 -132.55040
        #5        #6        #7        #8        #9       
0     126.59832 -140.79186 -116.88829 -132.55040 126.80706
1     124.19789 -136.82314 -124.51438 -138.48423 124.45263
2     140.85395 -144.70034 -132.37476 -138.48303 141.11033
3     125.99446 -140.72903 -116.33860 -132.47898 126.78132
4     136.40126 -138.04491 -138.48423 -141.97617 136.13830
5     -148.90137 140.85395 141.11033 136.13830 -148.56576
6     140.85395 -144.86888 -132.22076 -138.48423 141.11033
7     141.11033 -132.22076 -144.86888 -138.04491 140.85395
8     136.13830 -138.48423 -138.04491 -142.22420 136.40126
9     -148.56576 141.11033 140.85395 136.40126 -148.90137
10    -113.46625 124.19789 124.45263 136.13830 -113.14299
11    136.40126 -138.04607 -138.48303 -141.97661 136.13830
12    124.19789 -136.96926 -124.36824 -138.48303 124.45263
13    124.45263 -124.36824 -136.96926 -138.04607 124.19789
14    -113.14299 124.45263 124.19789 136.40126 -113.46625
15    136.13830 -138.48303 -138.04607 -142.22375 136.40126
16    126.78132 -116.33860 -140.72903 -131.37864 125.99446
17    124.45263 -124.51438 -136.82314 -138.04491 124.19789
18    141.11033 -132.37476 -144.70034 -138.04607 140.85395
19    126.80706 -116.88829 -140.79186 -131.94963 126.59832
        #10       #11       #12       #13       #14      
0     126.59832 -131.94963 -140.79186 -116.88829 126.80706
1     140.85395 -138.04607 -144.70034 -132.37476 141.11033
2     124.19789 -138.04491 -136.82314 -124.51438 124.45263
3     125.99446 -131.37864 -140.72903 -116.33860 126.78132
4     136.40126 -142.22375 -138.04607 -138.48303 136.13830
5     -113.46625 136.40126 124.19789 124.45263 -113.14299
6     124.19789 -138.04607 -136.96926 -124.36824 124.45263
7     124.45263 -138.48303 -124.36824 -136.96926 124.19789
8     136.13830 -141.97661 -138.48303 -138.04607 136.40126
9     -113.14299 136.13830 124.45263 124.19789 -113.46625
10    -148.90137 136.40126 140.85395 141.11033 -148.56576
11    136.40126 -142.22420 -138.04491 -138.48423 136.13830
12    140.85395 -138.04491 -144.86888 -132.22076 141.11033
13    141.11033 -138.48423 -132.22076 -144.86888 140.85395
14    -148.56576 136.13830 141.11033 140.85395 -148.90137
15    136.13830 -141.97617 -138.48423 -138.04491 136.40126
16    126.78132 -132.47898 -116.33860 -140.72903 125.99446
17    141.11033 -138.48303 -132.37476 -144.70034 140.85395
18    124.45263 -138.48423 -124.51438 -136.82314 124.19789
19    126.80706 -132.55040 -116.88829 -140.79186 126.59832
        #15       #16       #17       #18       #19      
0     -132.55040 -100.17356 -116.88829 -116.88829 -100.63342
1     -138.48303 -116.33860 -132.22076 -124.36824 -116.88829
2     -138.48423 -116.33860 -124.36824 -132.22076 -116.88829
3     -132.47898 -99.12831 -116.33860 -116.33860 -100.17356
4     -141.97661 -132.47898 -138.48423 -138.48303 -132.55040
5     136.13830 126.78132 124.45263 141.11033 126.80706
6     -138.48303 -116.33860 -124.51438 -132.37476 -116.88829
7     -138.04607 -140.72903 -136.82314 -144.70034 -140.79186
8     -142.22375 -131.37864 -138.04491 -138.04607 -131.94963
9     136.40126 125.99446 124.19789 140.85395 126.59832
10    136.13830 126.78132 141.11033 124.45263 126.80706
11    -141.97617 -132.47898 -138.48303 -138.48423 -132.55040
12    -138.48423 -116.33860 -132.37476 -124.51438 -116.88829
13    -138.04491 -140.72903 -144.70034 -136.82314 -140.79186
14    136.40126 125.99446 140.85395 124.19789 126.59832
